#  RESIDUE AA STRUCTURE BP1 BP2  ACC     N-H-->O    O-->H-N    N-H-->O    O-->H-N    TCO  KAPPA ALPHA  PHI   PSI    X-CA   Y-CA   Z-CA
    1  183 A G     >        0   0   86      0, 0.0     4,-1.7     0, 0.0     5,-0.1   0.000 360.0 360.0 360.0 146.9  -16.2   45.3    9.9
    2  184 A P  H  >  +     0   0   39      0, 0.0     4,-1.7     0, 0.0     5,-0.2   0.813 360.0  58.0 -56.7 -36.8  -13.8   44.6    6.9
    3  185 A Y  H  > S+     0   0  150      2,-0.2     4,-2.0     1,-0.2     5,-0.1   0.909 106.6  46.1 -65.2 -44.5  -12.7   41.4    8.7
    4  186 A T  H  > S+     0   0   63      1,-0.2     4,-2.6     2,-0.2     5,-0.2   0.894 107.9  58.8 -63.1 -41.4  -16.3   40.1    8.9
    5  187 A F  H  X S+     0   0   71     -4,-1.7     4,-1.4     1,-0.2    -2,-0.2   0.892 108.9  43.6 -54.1 -44.7  -16.8   41.0    5.2
    6  188 A V  H  X S+     0   0    5     -4,-1.7     4,-1.7     2,-0.2    -1,-0.2   0.873 110.1  56.3 -72.4 -37.8  -13.8   38.8    4.2
    7  189 A Q  H  X S+     0   0   92     -4,-2.0     4,-1.3     1,-0.2     3,-0.3   0.941 107.0  49.1 -57.2 -49.5  -15.0   36.0    6.4
    8  190 A Q  H  < S+     0   0  116     -4,-2.6     4,-0.4     1,-0.2    -1,-0.2   0.857 110.0  51.5 -60.6 -37.5  -18.4   35.9    4.8
    9  191 A H  H >X>S+     0   0   41     -4,-1.4     5,-1.6     1,-0.2     4,-1.6   0.800 105.0  56.5 -69.8 -29.2  -16.8   35.8    1.3
   10  192 A L  H 3<5S+     0   0   72     -4,-1.7    -1,-0.2    -3,-0.3    -2,-0.2   0.798 102.4  55.9 -70.8 -29.0  -14.6   32.9    2.4
   11  193 A M  T 3<5S+     0   0  159     -4,-1.3    -1,-0.2     1,-0.2    -2,-0.2   0.618 112.2  43.6 -74.8 -14.1  -17.7   31.0    3.3
   12  194 A I  T <45S-     0   0  137     -3,-0.6    -2,-0.2    -4,-0.4    -1,-0.2   0.685 109.7-117.2-104.9 -27.2  -19.0   31.5   -0.3
   13  195 A G  T  <5 +     0   0   64     -4,-1.6    -3,-0.2     1,-0.2    -4,-0.1   0.563  48.4 174.7  96.8  11.2  -15.8   30.8   -2.2
   14  196 A T      < -     0   0   33     -5,-1.6    -1,-0.2     1,-0.1    -2,-0.0  -0.152  35.3-118.0 -48.5 136.6  -15.5   34.3   -3.7
   15  197 A D    >>  -     0   0   74      1,-0.1     3,-1.3     2,-0.0     4,-0.8  -0.740  15.7-144.1 -77.1 122.5  -12.4   35.0   -5.7
   16  198 A P  H 3> S+     0   0    2      0, 0.0     4,-2.3     0, 0.0     3,-0.5   0.803  97.7  65.8 -56.0 -31.4  -10.5   37.8   -3.9
   17  199 A R  H 3> S+     0   0   80      1,-0.2     4,-1.4     2,-0.2     5,-0.1   0.788  93.4  60.7 -64.7 -27.6   -9.4   39.2   -7.3
   18  200 A T  H <4 S+     0   0   88     -3,-1.3     4,-0.4     2,-0.2    -1,-0.2   0.895 110.3  39.8 -63.2 -41.7  -13.0   40.0   -8.0
   19  201 A I  H >X S+     0   0   23     -4,-0.8     4,-0.9    -3,-0.5     3,-0.7   0.853 116.1  51.4 -75.5 -35.8  -13.1   42.3   -5.0
   20  202 A L  H 3X S+     0   0    2     -4,-2.3     4,-2.2     1,-0.2     7,-0.2   0.671  92.5  75.3 -75.8 -18.0   -9.6   43.7   -5.7
   21  203 A K  H 3< S+     0   0  171     -4,-1.4    -1,-0.2     1,-0.2    -2,-0.2   0.825 113.9  22.2 -66.0 -30.1  -10.5   44.5   -9.3
   22  204 A D  H <4 S+     0   0  115     -3,-0.7    -1,-0.2    -4,-0.4    -2,-0.2   0.462 120.1  59.4-114.6  -6.4  -12.5   47.5   -8.1
   23  205 A L  H  < S+     0   0   46     -4,-0.9    -3,-0.2     1,-0.3    -2,-0.2   0.726 124.0  26.0 -87.3 -28.0  -10.8   48.0   -4.7
   24  206 A L  S >< S+     0   0   52     -4,-2.2     3,-1.4    -5,-0.1    -1,-0.3  -0.670  83.6 174.7-125.6  75.7   -7.6   48.4   -6.7
   25  207 A P  T 3  S+     0   0   94      0, 0.0    -1,-0.1     0, 0.0    -2,-0.1   0.672  78.1  32.6 -62.0 -23.4   -9.2   49.7  -10.0
   26  208 A E  T 3  S+     0   0  181     -3,-0.1     2,-0.4     1,-0.1    -5,-0.1   0.328 110.2  73.9-114.5   2.6   -5.9   50.4  -11.7
   27  209 A T    <   -     0   0   82     -3,-1.4    -3,-0.1    -7,-0.2    -4,-0.1  -0.971  55.3-162.8-128.2 127.6   -3.7   47.7  -10.2
   28  210 A I        -     0   0  144     -2,-0.4    -7,-0.0    -3,-0.0   -11,-0.0  -0.915  28.6-122.4-104.0 132.5   -3.6   43.9  -10.8
   29  211 A P        -     0   0   16      0, 0.0     4,-0.1     0, 0.0     9,-0.0  -0.566  38.7 -88.5 -76.9 136.9   -1.8   41.9   -8.1
   30  212 A P    >   -     0   0   65      0, 0.0     3,-1.1     0, 0.0     0, 0.0  -0.033  35.3-119.0 -46.0 139.7    1.2   39.6   -9.1
   31  213 A P  T 3  S+     0   0  111      0, 0.0     0, 0.0     0, 0.0     0, 0.0   0.721 104.2  62.8 -54.6 -33.2    0.3   36.1  -10.2
   32  214 A E  T 3  S+     0   0  146      2,-0.0     2,-0.4     0, 0.0     0, 0.0   0.083  76.7 118.7 -92.1  27.8    2.3   34.2   -7.5
   33  215 A L    <   -     0   0   55     -3,-1.1     5,-0.0    -4,-0.1     0, 0.0  -0.792  65.7-114.8 -98.4 132.3    0.3   35.5   -4.6
   34  216 A D     >  -     0   0  115     -2,-0.4     4,-2.0     1,-0.1     5,-0.1  -0.121  20.6-123.4 -49.2 150.6   -1.7   33.3   -2.2
   35  217 A D  H  > S+     0   0   99      2,-0.2     4,-2.1     1,-0.2     5,-0.1   0.926 115.0  47.4 -63.0 -45.7   -5.5   33.6   -2.1
   36  218 A M  H  > S+     0   0   98      2,-0.2     4,-2.3     1,-0.2    -1,-0.2   0.865 108.3  55.7 -67.4 -35.3   -5.4   34.3    1.7
   37  219 A T  H  > S+     0   0   51      1,-0.2     4,-1.6     2,-0.2    -1,-0.2   0.933 108.5  48.3 -57.9 -46.5   -2.6   36.8    1.1
   38  220 A L  H  X S+     0   0    0     -4,-2.0     4,-1.8     1,-0.2    -2,-0.2   0.872 109.2  53.1 -61.0 -39.4   -4.9   38.6   -1.4
   39  221 A W  H  X S+     0   0    7     -4,-2.1     4,-2.2     1,-0.2    -1,-0.2   0.881 105.5  53.7 -65.1 -38.2   -7.7   38.5    1.2
   40  222 A Q  H  X S+     0   0  108     -4,-2.3     4,-2.4     2,-0.2    -1,-0.2   0.858 104.9  55.2 -62.7 -36.0   -5.5   40.2    3.8
   41  223 A I  H  X S+     0   0   50     -4,-1.6     4,-2.3     2,-0.2    -2,-0.2   0.913 106.4  51.4 -60.7 -42.7   -4.8   42.9    1.2
   42  224 A V  H  X S+     0   0    0     -4,-1.8     4,-2.5     2,-0.2     5,-0.2   0.923 109.2  50.4 -59.1 -46.4   -8.6   43.4    1.0
   43  225 A I  H  X S+     0   0   33     -4,-2.2     4,-2.5     1,-0.2    -2,-0.2   0.938 110.5  48.5 -58.6 -49.6   -8.8   43.7    4.8
   44  226 A N  H  < S+     0   0  103     -4,-2.4     4,-0.3     2,-0.2    -1,-0.2   0.912 112.8  48.0 -59.5 -44.7   -6.0   46.3    5.0
   45  227 A I  H >< S+     0   0   60     -4,-2.3     3,-1.0     1,-0.2    -1,-0.2   0.950 115.9  42.9 -60.4 -51.3   -7.5   48.4    2.2
   46  228 A L  H 3< S+     0   0   71     -4,-2.5    -1,-0.2     1,-0.2    -2,-0.2   0.830 118.2  44.7 -65.9 -34.7  -11.0   48.4    3.7
   47  229 A S  T 3< S+     0   0   60     -4,-2.5    -1,-0.2    -5,-0.2    -2,-0.2   0.285  79.4 124.0 -98.7  12.0   -9.9   49.0    7.3
   48  230 A E  P><   -     0   0  123     -3,-1.0     3,-0.1    -4,-0.3    -3,-0.0  -0.633  62.0-130.1 -73.8 117.1   -7.4   51.7    6.5
   49  231 A P  PP    -     0   0   67      0, 0.0     2,-0.2     0, 0.0    -2,-0.1  -0.365  29.6 -92.0 -68.9 144.5   -8.4   54.7    8.6
   50  232 A P  P<    -     0   0  118      0, 0.0     2,-0.3     0, 0.0     0, 0.0  -0.409  51.8-162.6 -59.5 121.1   -8.7   58.1    7.0
   51  233 A K        -     0   0   95     -2,-0.2     2,-0.3    -3,-0.1   220,-0.1  -0.714  22.4-105.6-105.7 155.1   -5.4   59.9    7.3
   52  234 A R        -     0   0   15     -2,-0.3     2,-0.3   218,-0.1   239,-0.1  -0.620  36.8-150.9 -72.8 138.0   -4.3   63.5    7.0
   53  235 A K        -     0   0  133     -2,-0.3   240,-0.1   222,-0.1     2,-0.0  -0.831  28.2 -88.4-109.5 153.0   -2.5   64.2    3.8
   54  236 A K        -     0   0   48     -2,-0.3     2,-0.4     1,-0.1   238,-0.1  -0.333  43.5-116.4 -58.3 132.6    0.1   66.8    3.2
   55  237 A R    >   -     0   0   75    236,-0.2     3,-1.1     1,-0.2    -1,-0.1  -0.617  17.4-153.6 -72.6 123.9   -1.3   70.2    2.2
   56  238 A K  T 3  S+     0   0  179     -2,-0.4    -1,-0.2     1,-0.2    -2,-0.1   0.724  90.8  59.6 -70.0 -22.4   -0.1   71.0   -1.4
   57  239 A D  T 3  S+     0   0  102      1,-0.1     2,-0.4     2,-0.1    -1,-0.2   0.259  97.6  64.1 -95.6  11.3   -0.5   74.7   -0.8
   58  240 A I    <   +     0   0   12     -3,-1.1    -1,-0.1     1,-0.1    -3,-0.1  -0.952  57.3 118.4-135.9 115.4    2.0   74.9    2.2
   59  241 A N        +     0   0   30     -2,-0.4   236,-0.3     1,-0.1    -1,-0.1   0.607  46.0  76.6-140.6 -45.8    5.6   74.0    1.6
   60  242 A T  S  > S-     0   0   37    234,-0.1     4,-1.6     1,-0.1     3,-0.1  -0.273  73.3-119.1 -91.0 165.3    8.3   76.7    2.2
   61  243 A I  H  > S+     0   0    0      1,-0.2     4,-2.1     2,-0.2     5,-0.2   0.791 119.8  59.0 -67.1 -26.7    9.9   78.2    5.2
   62  244 A E  H  > S+     0   0   82      2,-0.2     4,-1.3     1,-0.2    -1,-0.2   0.846 103.7  50.4 -67.8 -34.2    8.4   81.4    4.0
   63  245 A D  H  > S+     0   0   50      2,-0.2     4,-2.1     1,-0.2    -2,-0.2   0.866 108.1  54.8 -66.7 -35.9    5.0   79.7    4.3
   64  246 A A  H  X S+     0   0    1     -4,-1.6     4,-2.3     1,-0.2    -2,-0.2   0.905 106.9  47.1 -65.8 -44.1    6.1   78.7    7.9
   65  247 A V  H  X S+     0   0   18     -4,-2.1     4,-1.4     1,-0.2    -1,-0.2   0.819 109.8  56.4 -68.9 -28.2    6.8   82.3    9.0
   66  248 A K  H  X S+     0   0  109     -4,-1.3     4,-2.0     2,-0.2    -2,-0.2   0.931 108.7  45.8 -64.4 -46.7    3.5   83.3    7.4
   67  249 A L  H  X S+     0   0   26     -4,-2.1     4,-2.1     1,-0.2    -2,-0.2   0.901 110.1  53.6 -63.8 -42.1    1.7   80.8    9.6
   68  250 A L  H  < S+     0   0   14     -4,-2.3    -1,-0.2     1,-0.2    -2,-0.2   0.830 112.1  46.8 -61.8 -31.6    3.6   81.8   12.7
   69  251 A Q  H  < S+     0   0   96     -4,-1.4    -2,-0.2    -5,-0.2    -1,-0.2   0.904 119.9  33.8 -75.7 -43.9    2.5   85.4   12.1
   70  252 A E  H  < S+     0   0  116     -4,-2.0     2,-0.4    -5,-0.1    -2,-0.2   0.640  97.9  93.0 -95.2 -17.8   -1.2   85.0   11.4
   71  253 A C     <  +     0   0   12     -4,-2.1     2,-0.2    -5,-0.2     3,-0.2  -0.646  43.1 179.0 -84.4 129.2   -2.0   82.1   13.7
   72  254 A K        +     0   0  133     -2,-0.4   180,-0.3     1,-0.2    84,-0.2  -0.479  68.9  46.8 -95.1-175.7   -3.3   82.4   17.2
   73  255 A K  S    S+     0   0   80     82,-0.5   179,-1.7    -2,-0.2   180,-0.7   0.882  76.1 177.8  48.4  57.4   -4.1   79.2   19.1
   74  256 A I  E     -ab 157 253A   6     82,-3.0    84,-1.9   177,-0.2    85,-1.7  -0.748  20.9-150.2 -92.2 133.6   -0.8   77.3   18.3
   75  257 A I  E     -ab 159 254A   0    178,-2.8   180,-2.6    -2,-0.4     2,-0.5  -0.914  12.1-167.4 -99.0 128.1   -0.1   73.8   19.6
   76  258 A V  E     -ab 160 255A   3     83,-2.4    85,-1.6    -2,-0.5     2,-0.7  -0.971   3.5-163.3-116.2 123.6    3.6   73.0   20.1
   77  259 A L  E     -ab 161 256A   0    178,-3.3   180,-2.6    -2,-0.5     2,-0.2  -0.911  15.7-173.0-109.0 110.7    4.6   69.4   20.7
   78  260 A T  E     +ab 162 257A   0     83,-2.3    85,-1.2    -2,-0.7     2,-0.2  -0.667   9.1 178.6-107.1 159.2    8.0   69.1   22.2
   79  261 A G    >   -     0   0    1    178,-1.5     3,-1.5    -2,-0.2     4,-0.2  -0.659  52.8 -64.8-138.1-164.1   10.3   66.2   22.9
   80  262 A A  G >> S+     0   0   38      1,-0.3     3,-1.9    -2,-0.2     4,-0.5   0.755 118.4  71.7 -64.8 -26.0   13.8   65.5   24.2
   81  263 A G  G >4 S+     0   0   18    177,-2.6     3,-0.7     1,-0.3     4,-0.4   0.786  87.7  64.6 -60.6 -27.4   15.6   67.2   21.3
   82  264 A V  G <4 S+     0   0    0     -3,-1.5    60,-0.3   176,-0.5    63,-0.3   0.625 108.6  39.4 -72.9 -12.1   14.4   70.6   22.6
   83  265 A S  G X4>S+     0   0    1     -3,-1.9     5,-1.4    -4,-0.2     3,-0.7   0.403  85.5  92.0-118.0   0.1   16.6   70.1   25.8
   84  266 A V  G X<5S+     0   0   43     -3,-0.7     3,-0.9    -4,-0.5    -2,-0.1   0.832  86.2  55.1 -69.8 -28.5   19.8   68.5   24.5
   85  267 A S  G 3 5S+     0   0   68     -4,-0.4    -1,-0.3     1,-0.2    -2,-0.1   0.722  99.4  63.3 -72.7 -19.9   21.4   71.9   24.0
   86  268 A C  G < 5S-     0   0   23     -3,-0.7    54,-0.3     2,-0.2    -1,-0.2   0.655 130.7 -93.5 -76.0 -15.3   20.6   72.5   27.7
   87  269 A G  T < 5S+     0   0   46     -3,-0.9    -3,-0.2    -4,-0.4    -2,-0.2   0.602  88.5 125.0 109.0  20.5   22.9   69.7   28.6
   88  270 A I      < -     0   0   11     -5,-1.4    -1,-0.2    -8,-0.1    -2,-0.2  -0.921  55.2-133.1-115.5 108.0   20.4   66.9   28.8
   89  271 A P        -     0   0   57      0, 0.0     7,-0.1     0, 0.0     6,-0.1   0.007  17.0-122.0 -61.8 164.4   21.2   63.9   26.5
   90  272 A D        -     0   0   26      4,-0.2     7,-0.8     5,-0.1    -9,-0.0  -0.148   6.1-140.5 -88.9-180.0   18.8   62.1   24.2
   91  273 A F  S    S+     0   0   72      5,-0.2     5,-0.2     6,-0.1    -1,-0.1   0.637 104.5  43.0-100.5 -42.6   17.6   58.6   23.8
   92  274 A R  S    S+     0   0   67      3,-0.1     3,-0.1     2,-0.1   251,-0.1   0.824 102.2  77.3 -72.2 -37.9   17.6   58.6   20.0
   93  275 A S  S    S-     0   0   29      1,-0.2     3,-0.4     2,-0.1     2,-0.1  -0.077  93.2 -73.2 -78.8 174.6   21.0   60.4   19.4
   94  276 A R  S    S+     0   0  136      1,-0.2    -4,-0.2     2,-0.0    -1,-0.2  -0.393 110.9  12.2 -67.9 140.2   24.6   59.2   19.6
   95  277 A D  S    S+     0   0  127     -2,-0.1    -1,-0.2    -3,-0.1    -5,-0.1   0.971  82.2 170.7  53.8  64.1   26.0   58.6   23.1
   96  278 A G        -     0   0   10     -3,-0.4     4,-0.4    -5,-0.2     3,-0.2   0.016  54.3 -87.0 -78.2-163.5   22.9   58.7   25.2
   97  279 A I  S >> S+     0   0    3     -7,-0.8     4,-1.4     1,-0.2     3,-0.8   0.759 121.9  70.7 -78.7 -22.7   22.8   57.8   28.8
   98  280 A Y  H 3> S+     0   0   68      1,-0.3     4,-2.6     2,-0.2     5,-0.2   0.807  87.7  61.8 -66.0 -31.0   22.2   54.1   27.9
   99  281 A A  H 34 S+     0   0   51     -3,-0.2    -1,-0.3     1,-0.2     4,-0.3   0.855 111.8  39.5 -61.8 -33.2   25.7   53.7   26.5
  100  282 A R  H <> S+     0   0   99     -3,-0.8     4,-0.5    -4,-0.4    -2,-0.2   0.687 115.1  51.9 -90.3 -21.9   27.0   54.5   30.0
  101  283 A L  H >X S+     0   0    0     -4,-1.4     4,-1.3     1,-0.2     3,-0.6   0.871 102.4  57.5 -80.8 -39.7   24.3   52.5   31.9
  102  284 A A  H 3< S+     0   0   40     -4,-2.6    -1,-0.2     1,-0.2    -2,-0.1   0.703  94.1  73.6 -63.3 -19.3   24.8   49.3   29.9
  103  285 A V  H 34 S+     0   0  112     -4,-0.3    -1,-0.2    -5,-0.2    -2,-0.2   0.938 118.5   9.6 -60.2 -51.4   28.4   49.4   31.1
  104  286 A D  H << S+     0   0   91     -3,-0.6    -2,-0.2    -4,-0.5    -1,-0.2   0.218 123.9  67.1-119.0  12.7   27.6   48.4   34.7
  105  287 A F    ><  +     0   0   13     -4,-1.3     3,-1.2     3,-0.1    -1,-0.2  -0.719  53.3 168.1-128.7  83.8   23.9   47.4   34.3
  106  288 A P  T 3  S+     0   0  113      0, 0.0    -1,-0.1     0, 0.0    -4,-0.1   0.661  74.4  61.4 -69.6 -17.9   24.0   44.3   32.1
  107  289 A D  T 3  S+     0   0  110     -3,-0.1    -5,-0.1     2,-0.0    -2,-0.0   0.607  78.2  98.9 -85.6 -13.5   20.3   43.6   32.9
  108  290 A L    <   +     0   0    3     -3,-1.2    -3,-0.1     1,-0.2     6,-0.0  -0.678  48.5 179.9 -82.1 110.0   19.1   46.9   31.3
  109  291 A P        -     0   0   76      0, 0.0    -1,-0.2     0, 0.0    -7,-0.0   0.848  60.9  -4.0 -80.7 -39.4   17.9   46.0   27.8
  110  292 A D  S >  S-     0   0   62      1,-0.1     3,-1.7    -8,-0.0     4,-0.3  -0.954  70.4-103.5-150.9 161.7   16.7   49.5   26.5
  111  293 A P  G >  S+     0   0   22      0, 0.0     3,-1.6     0, 0.0     4,-0.3   0.843 118.0  64.5 -56.9 -32.0   16.3   53.1   27.7
  112  294 A Q  G >  S+     0   0   42      1,-0.3     3,-0.6     2,-0.2   120,-0.2   0.611  86.0  72.9 -68.1 -13.5   12.6   52.4   27.9
  113  295 A A  G X  S+     0   0    6     -3,-1.7     3,-1.3     1,-0.2    -1,-0.3   0.674  82.3  68.8 -77.3 -17.6   13.2   49.9   30.7
  114  296 A M  G <  S+     0   0    4     -3,-1.6    -1,-0.2    -4,-0.3    -2,-0.2   0.802 103.6  44.8 -66.6 -28.3   14.0   52.7   33.1
  115  297 A F  G <  S+     0   0    4     -3,-0.6   117,-2.1    -4,-0.3     2,-0.6   0.001  88.0 111.7-105.9  24.7   10.3   53.6   32.9
  116  298 A D    <>  -     0   0   65     -3,-1.3     4,-2.5   115,-0.2     5,-0.1  -0.905  59.9-151.1 -98.7 120.2    9.2   49.9   33.3
  117  299 A I  H  > S+     0   0   36     -2,-0.6     4,-2.1   115,-0.5     5,-0.1   0.835  94.8  51.9 -62.7 -33.6    7.5   49.4   36.6
  118  300 A E  H  > S+     0   0  143      2,-0.2     4,-1.5     1,-0.2    -1,-0.2   0.921 112.5  43.9 -69.2 -45.0    8.6   45.7   36.8
  119  301 A Y  H  > S+     0   0   27      2,-0.2     4,-3.3     1,-0.2    -2,-0.2   0.886 111.4  56.8 -64.8 -37.8   12.2   46.5   36.2
  120  302 A F  H  < S+     0   0    2     -4,-2.5    -2,-0.2     1,-0.2    -1,-0.2   0.915 106.3  47.6 -59.8 -47.0   12.0   49.3   38.6
  121  303 A R  H  < S+     0   0  115     -4,-2.1    -1,-0.2     1,-0.2    -2,-0.2   0.837 114.8  48.2 -62.5 -34.4   10.7   47.1   41.4
  122  304 A K  H  < S-     0   0  156     -4,-1.5    -2,-0.2     1,-0.2    -1,-0.2   0.937 138.4  -8.2 -71.7 -49.0   13.6   44.7   40.6
  123  305 A D     <  +     0   0   22     -4,-3.3     4,-0.3    -5,-0.1    -1,-0.2  -0.750  57.3 179.1-155.7 100.7   16.3   47.3   40.5
  124  306 A P     >  +     0   0   15      0, 0.0     4,-2.0     0, 0.0     5,-0.2   0.450  62.4  95.3 -83.6  -0.5   15.5   51.0   40.7
  125  307 A R  H  > S+     0   0  138      1,-0.2     4,-1.7     2,-0.2     5,-0.2   0.886  79.4  52.3 -61.2 -44.5   19.2   52.1   40.5
  126  308 A P  H  > S+     0   0    1      0, 0.0     4,-1.7     0, 0.0    -1,-0.2   0.903 110.0  50.8 -61.3 -37.2   19.3   52.7   36.7
  127  309 A F  H  > S+     0   0    3     -4,-0.3     4,-2.7     1,-0.2    -2,-0.2   0.947 111.6  45.7 -60.3 -50.2   16.3   55.0   37.0
  128  310 A F  H  X S+     0   0   14     -4,-2.0     4,-1.7     2,-0.2    -1,-0.2   0.692 107.8  57.4 -73.3 -18.2   17.7   57.1   39.8
  129  311 A K  H  X S+     0   0   70     -4,-1.7     4,-1.1    -5,-0.2    -1,-0.2   0.878 111.5  43.9 -71.8 -39.0   21.1   57.3   38.0
  130  312 A F  H  X S+     0   0   18     -4,-1.7     4,-1.9    -5,-0.2     3,-0.3   0.919 110.2  56.2 -65.7 -45.2   19.1   58.8   35.2
  131  313 A A  H  X S+     0   0    0     -4,-2.7     4,-2.1     1,-0.2    -2,-0.2   0.879 103.5  53.4 -56.7 -42.9   17.1   61.0   37.6
  132  314 A K  H  < S+     0   0   67     -4,-1.7    -1,-0.2     1,-0.2    -2,-0.2   0.881 110.6  47.0 -61.8 -39.2   20.3   62.6   39.1
  133  315 A E  H  < S+     0   0   59     -4,-1.1    -1,-0.2    -3,-0.3    -2,-0.2   0.858 124.2  31.1 -71.0 -34.5   21.6   63.6   35.6
  134  316 A I  H  < S+     0   0   11     -4,-1.9    -2,-0.2   -46,-0.1    -1,-0.2   0.522  86.3 135.7-103.5  -8.2   18.2   65.1   34.5
  135  317 A Y     <  -     0   0    1     -4,-2.1     3,-0.4    -5,-0.2    31,-0.1  -0.076  59.1-106.8 -50.6 134.1   16.9   66.3   37.9
  136  318 A P  S    S+     0   0   26      0, 0.0    31,-0.1     0, 0.0    -1,-0.1  -0.075  94.1  56.4 -58.4 159.2   15.3   69.8   37.8
  137  319 A G  S    S+     0   0   76     29,-0.2    -2,-0.1     2,-0.2    30,-0.0   0.451  94.8  69.1  97.7   4.0   17.1   72.8   39.4
  138  320 A Q  S    S+     0   0   81     -3,-0.4     2,-0.4    -4,-0.1    -3,-0.1   0.493  79.5  73.7-132.2  -4.2   20.3   72.6   37.4
  139  321 A F        -     0   0   45     27,-0.2    -2,-0.2    -5,-0.1   -52,-0.1  -0.908  61.5-136.8-122.5 143.7   19.7   73.5   33.8
  140  322 A Q        -     0   0  147     -2,-0.4    28,-0.1   -54,-0.3    32,-0.0  -0.776  35.6-110.4 -91.0 137.6   19.0   76.7   31.8
  141  323 A P        -     0   0   11      0, 0.0   -58,-0.1     0, 0.0    -1,-0.1  -0.236  32.4-115.1 -68.3 154.3   16.3   76.5   29.1
  142  324 A S     >  -     0   0    7    -60,-0.3     4,-2.3     1,-0.1     5,-0.2  -0.170  29.6 -96.5 -84.4 176.2   17.1   76.7   25.4
  143  325 A L  H  > S+     0   0   21      1,-0.2     4,-2.3     2,-0.2     5,-0.1   0.869 125.8  55.4 -59.0 -38.6   16.2   79.3   22.7
  144  326 A C  H  > S+     0   0    0      2,-0.2     4,-3.0     1,-0.2     5,-0.3   0.933 105.9  50.1 -58.7 -49.9   13.3   77.0   21.7
  145  327 A H  H  > S+     0   0    0    -63,-0.3     4,-2.7     1,-0.2    -2,-0.2   0.940 112.7  47.3 -52.3 -50.7   12.0   77.1   25.3
  146  328 A K  H  X S+     0   0   88     -4,-2.3     4,-2.4     2,-0.2    -1,-0.2   0.855 110.6  53.3 -59.8 -36.8   12.3   80.9   25.2
  147  329 A F  H  X S+     0   0    6     -4,-2.3     4,-2.1     2,-0.2    -2,-0.2   0.949 111.7  43.3 -63.9 -50.6   10.6   80.9   21.8
  148  330 A I  H  X S+     0   0    0     -4,-3.0     4,-1.9     1,-0.2    -2,-0.2   0.887 112.8  54.8 -59.9 -39.9    7.6   78.9   23.1
  149  331 A A  H  X S+     0   0    4     -4,-2.7     4,-2.1    -5,-0.3    -2,-0.2   0.915 107.7  48.4 -61.3 -43.6    7.6   81.1   26.2
  150  332 A L  H  X S+     0   0   12     -4,-2.4     4,-1.8     1,-0.2    -1,-0.2   0.895 107.8  55.4 -65.0 -39.6    7.3   84.3   24.1
  151  333 A S  H  <>S+     0   0    6     -4,-2.1     5,-2.0     1,-0.2     6,-1.0   0.887 109.1  47.7 -57.7 -41.3    4.5   82.7   22.0
  152  334 A D  H ><5S+     0   0   24     -4,-1.9     3,-1.3     4,-0.2    -1,-0.2   0.897 109.5  52.1 -67.4 -42.2    2.6   82.1   25.2
  153  335 A K  H 3<5S+     0   0  166     -4,-2.1    -1,-0.2     1,-0.3    -2,-0.2   0.802 107.7  53.7 -63.3 -29.8    3.2   85.7   26.5
  154  336 A E  T 3<5S-     0   0   92     -4,-1.8    -1,-0.3    -5,-0.2    -2,-0.2   0.454 115.6-117.1 -84.9  -3.0    1.9   87.0   23.2
  155  337 A G  T < 5S+     0   0   59     -3,-1.3   -82,-0.5    -4,-0.2    -3,-0.2   0.545  88.4 109.1  80.8   8.1   -1.3   85.0   23.6
  156  338 A K      < +     0   0   43     -5,-2.0   -82,-3.0    -6,-0.2     2,-0.7   0.638  48.9  93.6 -91.5 -16.9   -0.7   82.9   20.5
  157  339 A L  E     -a   74   0A   5     -6,-1.0   -82,-0.2   -84,-0.2     3,-0.1  -0.698  45.7-177.2 -86.8 112.8    0.1   79.6   22.3
  158  340 A L  E    S-     0   0A   6    -84,-1.9     2,-0.3    -2,-0.7   -83,-0.2   0.944  70.8 -38.1 -66.6 -48.9   -2.9   77.3   22.6
  159  341 A R  E     -a   75   0A  39    -85,-1.7   -83,-2.4     2,-0.0     2,-0.6  -0.929  44.1-132.8-172.0 150.3   -0.8   74.8   24.5
  160  342 A N  E     -ac  76 177A   0     16,-2.2    18,-2.4    -2,-0.3     2,-0.7  -0.927  20.6-164.1-110.6 105.4    2.6   73.2   24.7
  161  343 A Y  E     -ac  77 178A   0    -85,-1.6   -83,-2.3    -2,-0.6     2,-0.4  -0.807  16.2-174.9 -84.2 118.9    2.4   69.4   25.0
  162  344 A T  E     -ac  78 179A   0     16,-2.5    18,-2.1    -2,-0.7    19,-0.4  -0.902  32.0-164.5-117.7 146.5    5.8   68.2   26.2
  163  345 A Q        +     0   0   27    -85,-1.2   -84,-0.1    -2,-0.4    -1,-0.1   0.467  64.1 111.1 -96.3  -8.0    7.1   64.6   26.7
  164  346 A N        -     0   0   11    -86,-0.2    17,-0.3     1,-0.1    -2,-0.1  -0.312  49.0-170.2 -71.7 149.1    9.9   66.1   28.7
  165  347 A I        +     0   0   10      1,-0.1    19,-0.3    15,-0.1    -1,-0.1   0.197  66.8  95.8-120.0  10.5   10.2   65.6   32.5
  166  348 A D  S    S-     0   0    5     17,-0.1   -29,-0.2   -31,-0.1   -27,-0.2   0.575  80.4-142.1 -78.6 -11.4   13.1   68.1   33.0
  167  349 A T    >>  +     0   0   17      1,-0.1     4,-0.6   -31,-0.1     3,-0.6   0.758  54.1 140.2  56.4  30.2   10.5   70.7   33.9
  168  350 A L  H 3>  +     0   0    6      1,-0.2     4,-2.0     2,-0.2     5,-0.1   0.680  56.6  71.5 -76.3 -17.6   12.5   73.4   32.1
  169  351 A E  H 3>>S+     0   0    2      1,-0.2     5,-2.2     2,-0.2     4,-1.8   0.806  90.9  60.0 -70.4 -26.6    9.4   75.0   30.7
  170  352 A Q  H <45S+     0   0  137     -3,-0.6    -1,-0.2     2,-0.2    -2,-0.2   0.919 108.3  44.5 -62.3 -44.0    8.6   76.3   34.2
  171  353 A V  H  <5S+     0   0   86     -4,-0.6    -2,-0.2     1,-0.2    -1,-0.2   0.894 111.0  53.4 -63.8 -43.4   11.9   78.2   34.2
  172  354 A A  H  <5S-     0   0   24     -4,-2.0    -1,-0.2     2,-0.1    -2,-0.2   0.821 116.6-111.0 -66.1 -32.8   11.4   79.5   30.6
  173  355 A G  T  <5 +     0   0   40     -4,-1.8     2,-1.1     1,-0.2    -3,-0.2   0.590  62.2 151.7 110.0  17.6    8.0   80.9   31.5
  174  356 A I      < +     0   0    4     -5,-2.2    -1,-0.2     1,-0.2     3,-0.2  -0.691  10.6 169.0 -82.3 100.0    5.7   78.7   29.6
  175  357 A Q        +     0   0  172     -2,-1.1     2,-2.4     1,-0.2    -1,-0.2   0.884  65.3  66.8 -82.4 -39.8    2.5   78.7   31.6
  176  358 A R  S    S+     0   0   93    -19,-0.1   -16,-2.2     2,-0.0     2,-0.3  -0.400  81.5 138.8 -81.3  67.8    0.1   77.0   29.1
  177  359 A I  E     -c  160   0A  36     -2,-2.4     2,-0.4   -18,-0.2   -16,-0.2  -0.817  41.9-162.2-115.8 145.5    2.0   73.7   29.5
  178  360 A I  E     -c  161   0A  18    -18,-2.4   -16,-2.5    -2,-0.3     2,-1.2  -0.976  10.8-153.1-125.3 119.8    1.1   70.0   29.8
  179  361 A Q  E >   -c  162   0A  40     -2,-0.4     3,-1.7     1,-0.2   -16,-0.2  -0.756  14.3-171.3 -89.2  93.7    3.6   67.6   31.1
  180  362 A C  T 3  S+     0   0    0    -18,-2.1    -1,-0.2    -2,-1.2   -17,-0.2   0.679  81.0  38.2 -64.2 -22.1    2.3   64.5   29.4
  181  363 A H  T 3  S-     0   0    3      1,-0.4    49,-3.0   -19,-0.4    -1,-0.3   0.170 111.1-116.2-117.9  17.1    4.6   62.1   31.2
  182  364 A G  E <   -H  229   0B  11     -3,-1.7    -1,-0.4    47,-0.3    47,-0.2  -0.275  29.8-119.5  79.9-169.4    4.6   63.7   34.7
  183  365 A S  E     -     0   0B  13     45,-1.0     3,-0.3     3,-0.1   -17,-0.1  -0.781  28.1 -89.5-151.0-165.7    7.5   65.2   36.5
  184  366 A F  E    S+     0   0B   2    -19,-0.3    45,-0.1    -2,-0.2   -18,-0.0   0.222  84.2 115.6 -99.0  12.9    9.7   65.0   39.6
  185  367 A A  E    S+     0   0B  54     43,-0.1    13,-1.6    12,-0.1     2,-0.3   0.833  84.6   8.4 -54.6 -41.9    7.3   67.4   41.4
  186  368 A T  E     - I   0 197B  24     -3,-0.3    42,-1.8    11,-0.2     2,-0.3  -0.874  65.6-150.5-131.7 168.9    6.3   64.8   44.0
  187  369 A A  E     -HI 227 196B   1      9,-2.7     9,-1.8    40,-0.3     2,-0.4  -0.994  13.0-164.3-140.4 144.1    7.4   61.3   45.0
  188  370 A S  E     -HI 226 195B  16     38,-2.3    38,-3.0    -2,-0.3     7,-0.2  -0.983  26.1-108.7-136.1 140.9    5.4   58.5   46.4
  189  371 A C  E  >  -H  225   0B   1      5,-1.9     4,-1.2    -2,-0.4    36,-0.2  -0.448  23.6-139.2 -61.8 131.6    6.0   55.2   48.2
  190  372 A L  T  4 S+     0   0   34     34,-1.9    33,-0.1    32,-0.4    -1,-0.1   0.818  98.0  36.9 -59.8 -31.6    5.1   52.2   46.0
  191  373 A I  T  4 S+     0   0   76     33,-0.2    -1,-0.1    31,-0.2    32,-0.1   0.942 129.4  19.4 -91.1 -56.4    3.5   50.4   49.0
  192  374 A C  T  4 S-     0   0   59      2,-0.1    -2,-0.1     0, 0.0     3,-0.1   0.430  91.4-124.6-104.6   0.2    1.7   52.9   51.3
  193  375 A K     <  +     0   0  144     -4,-1.2     2,-0.3     1,-0.2    -3,-0.1   0.637  44.9 170.2  67.6  15.8    1.3   55.8   48.9
  194  376 A Y        -     0   0   86     -6,-0.1    -5,-1.9     1,-0.1     2,-0.3  -0.463  22.8-148.0 -60.8 120.4    3.0   58.2   51.3
  195  377 A K  E     +I  188   0B 135     -2,-0.3     2,-0.3    -7,-0.2    -7,-0.2  -0.661  23.0 169.7-102.5 150.3    3.5   61.3   49.3
  196  378 A V  E     -I  187   0B  27     -9,-1.8    -9,-2.7    -2,-0.3     5,-0.0  -0.989  32.1-100.6-156.9 152.5    6.3   63.9   49.5
  197  379 A D  E >>  -I  186   0B 105     -2,-0.3     3,-0.7   -11,-0.2     4,-0.6  -0.197  42.4 -98.0 -75.6 172.9    7.6   66.9   47.5
  198  380 A C  H >> S+     0   0   16    -13,-1.6     4,-0.9     1,-0.2     3,-0.7   0.824 118.1  57.8 -60.2 -37.2   10.6   66.9   45.1
  199  381 A E  H 3> S+     0   0  135      1,-0.2     4,-0.8     2,-0.2    -1,-0.2   0.788  92.9  66.8 -62.9 -37.0   13.1   68.2   47.7
  200  382 A A  H <4 S+     0   0   63     -3,-0.7     4,-0.3     1,-0.2    -1,-0.2   0.825 112.3  31.4 -61.8 -31.7   12.5   65.4   50.2
  201  383 A V  H <X S+     0   0    6     -3,-0.7     4,-1.8    -4,-0.6    -1,-0.2   0.573  97.2  87.6-102.0 -10.6   14.1   62.8   47.9
  202  384 A R  H  X S+     0   0   79     -4,-0.9     4,-2.1     1,-0.2     5,-0.2   0.883  85.0  54.9 -57.8 -44.4   16.6   65.1   46.1
  203  385 A G  H  X S+     0   0   43     -4,-0.8     4,-0.9     1,-0.2    -1,-0.2   0.941 110.0  45.2 -53.9 -54.0   19.3   64.6   48.8
  204  386 A D  H  4>S+     0   0   65     -4,-0.3     5,-3.2     1,-0.2    -1,-0.2   0.831 110.4  56.7 -58.6 -34.9   19.3   60.8   48.5
  205  387 A I  H ><5S+     0   0    2     -4,-1.8     3,-1.1     1,-0.2    -1,-0.2   0.894 107.6  45.0 -69.4 -40.2   19.2   61.0   44.7
  206  388 A F  H 3<5S+     0   0   58     -4,-2.1    -1,-0.2     1,-0.2    -2,-0.2   0.620 111.0  55.1 -80.9 -10.8   22.4   63.1   44.4
  207  389 A N  T 3<5S-     0   0  118     -4,-0.9    -1,-0.2    -5,-0.2    -2,-0.2   0.290 115.0-117.6 -97.9   7.0   24.1   60.8   46.9
  208  390 A Q  T < 5S+     0   0  158     -3,-1.1     2,-0.5     1,-0.2    -3,-0.2   0.820  70.3 139.5  58.4  33.9   23.2   57.8   44.7
  209  391 A V      < -     0   0   73     -5,-3.2    -1,-0.2    -6,-0.2    -2,-0.2  -0.942  60.1-119.0-106.9 124.5   21.1   56.4   47.6
  210  392 A V        -     0   0   39     -2,-0.5     2,-0.3    -3,-0.1    -5,-0.1  -0.499  33.6-119.4 -64.9 116.4   17.8   54.9   46.6
  211  393 A P        -     0   0    1      0, 0.0    14,-2.5     0, 0.0     2,-0.3  -0.415  37.3-165.4 -62.7 117.0   15.1   57.0   48.4
  212  394 A R  B     -J  224   0C  90     -2,-0.3    12,-0.2    12,-0.2   -23,-0.1  -0.778  25.6 -97.7-111.0 151.8   13.2   54.7   50.7
  213  395 A C        -     0   0    6     10,-2.5    10,-0.1    -2,-0.3    -1,-0.0  -0.447  23.1-157.2 -65.1 129.5    9.9   55.1   52.6
  214  396 A P  S    S+     0   0   99      0, 0.0    -1,-0.1     0, 0.0     4,-0.1   0.436  89.2  48.8 -87.8  -1.3   10.3   56.3   56.2
  215  397 A R  S    S+     0   0  186      2,-0.1     3,-0.1     8,-0.0    -2,-0.0   0.762  93.8  78.4-107.0 -38.9    6.9   54.9   57.3
  216  398 A C  S    S-     0   0   18      1,-0.1    -4,-0.0     7,-0.1     7,-0.0  -0.298 101.5 -78.9 -64.3 155.4    6.9   51.4   55.9
  217  399 A P    >   -     0   0   79      0, 0.0     3,-1.1     0, 0.0     6,-0.2  -0.287  39.0-126.9 -51.6 140.9    8.9   48.6   57.7
  218  400 A A  T 3  S+     0   0   90      1,-0.2     5,-0.1    -3,-0.1    -2,-0.1   0.723 107.1  59.8 -69.3 -20.8   12.6   48.9   56.9
  219  401 A D  T 3  S+     0   0  142      2,-0.0    -1,-0.2     0, 0.0    -3,-0.0   0.667  78.0 101.1 -82.0 -16.7   12.7   45.2   55.8
  220  402 A E    X   -     0   0   66     -3,-1.1     3,-0.9     1,-0.2    -4,-0.1  -0.597  58.7-163.6 -71.5 112.7   10.1   45.8   53.1
  221  403 A P  T 3  S+     0   0   93      0, 0.0    -1,-0.2     0, 0.0    -3,-0.0   0.770  80.4  55.7 -74.7 -28.9   12.2   46.0   49.9
  222  404 A L  T 3  S+     0   0   56      1,-0.1     2,-2.5     2,-0.0   -32,-0.4   0.376  71.8 111.6 -88.8   5.1    9.6   47.6   47.5
  223  405 A A    <   +     0   0    0     -3,-0.9   -10,-2.5    -6,-0.2     2,-0.3  -0.416  48.1 147.4 -76.7  66.5    9.0   50.6   49.8
  224  406 A I  B     -J  212   0C   6     -2,-2.5   -34,-1.9   -12,-0.2     2,-0.9  -0.778  53.4-121.3-105.8 146.4   10.7   52.9   47.4
  225  407 A M  E     -H  189   0B   7    -14,-2.5   -36,-0.3    -2,-0.3    -2,-0.1  -0.788  32.6-169.1 -87.2 106.2    9.8   56.6   46.7
  226  408 A K  E     -H  188   0B  14    -38,-3.0   -38,-2.3    -2,-0.9   -40,-0.0  -0.878  19.4-126.3-101.5 121.4    8.9   56.9   43.0
  227  409 A P  E     -H  187   0B   2      0, 0.0     2,-3.1     0, 0.0   -40,-0.3  -0.208  37.6 -96.3 -55.6 150.9    8.5   60.4   41.5
  228  410 A E  E    S+     0   0B  88    -42,-1.8   -45,-1.0     2,-0.1     2,-0.5  -0.192  74.5 144.2 -71.5  51.3    5.2   61.0   39.6
  229  411 A I  E>    -H  182   0B   0     -2,-3.1     2,-0.3   -47,-0.2   -47,-0.3  -0.816  56.8-118.5 -86.9 124.4    6.8   60.1   36.3
  230  412 A V  PP    -     0   0    8    -49,-3.0     2,-0.2    -2,-0.5     6,-0.1  -0.512  33.4-157.7 -65.9 122.6    4.3   58.3   34.1
  231  413 A F  PP>   -     0   0    0     -2,-0.3     3,-1.6     1,-0.1   119,-0.3  -0.571  31.4 -80.3 -94.3 164.1    5.7   54.8   33.4
  232  414 A F  T<3  S+     0   0   35   -117,-2.1  -115,-0.5  -120,-0.2   119,-0.2  -0.354 118.8  29.4 -61.4 145.0    4.8   52.6   30.5
  233  415 A G  T 3  S+     0   0   50    117,-2.1    -1,-0.2     1,-0.3     2,-0.1   0.069 103.1 105.3  90.7 -23.3    1.5   50.8   31.0
  234  416 A E  S><  S-     0   0   63     -3,-1.6   116,-2.3   116,-0.2    -1,-0.3  -0.380  76.8 -96.0 -89.9 166.4    0.2   53.6   33.2
  235  417 A N  BP    -K  349   0D  89    114,-0.2   114,-0.1    -3,-0.1    -4,-0.1  -0.558  33.1-119.0 -81.3 142.5   -2.3   56.3   32.5
  236  418 A L  PP    -     0   0    7    112,-0.6   -55,-0.1    -2,-0.2     5,-0.1  -0.422  50.5 -78.8 -69.5 155.4   -1.4   59.8   31.3
  237  419 A P  P< >  -     0   0   27      0, 0.0     4,-1.0     0, 0.0     3,-0.5  -0.058  36.8-114.3 -55.0 159.8   -2.4   62.6   33.7
  238  420 A E  H  > S+     0   0  112      1,-0.2     4,-2.0     2,-0.2     5,-0.2   0.812 113.6  64.2 -65.8 -30.9   -6.0   63.8   33.7
  239  421 A Q  H  > S+     0   0   92      1,-0.2     4,-2.9     2,-0.2     5,-0.2   0.869  96.5  57.5 -60.3 -39.3   -4.9   67.2   32.4
  240  422 A F  H  > S+     0   0    9     -3,-0.5     4,-2.5     1,-0.2     5,-0.2   0.952 111.0  39.3 -58.2 -55.2   -3.7   65.6   29.1
  241  423 A H  H  X S+     0   0   34     -4,-1.0     4,-1.1     1,-0.2    -1,-0.2   0.852 117.2  51.4 -65.7 -35.2   -7.0   64.1   28.1
  242  424 A R  H  X S+     0   0  154     -4,-2.0     4,-1.1     2,-0.2    -1,-0.2   0.906 112.8  44.7 -68.4 -42.2   -8.9   67.1   29.4
  243  425 A A  H  X S+     0   0    9     -4,-2.9     4,-3.1     1,-0.2     3,-0.4   0.912 110.2  52.9 -70.5 -44.4   -6.8   69.5   27.4
  244  426 A M  H  X S+     0   0   18     -4,-2.5     4,-1.7    -5,-0.2    -1,-0.2   0.784 103.8  59.9 -61.5 -27.7   -6.8   67.5   24.1
  245  427 A K  H  < S+     0   0  166     -4,-1.1     4,-0.3    -5,-0.2    -1,-0.2   0.895 115.5  32.3 -67.6 -41.2  -10.6   67.4   24.3
  246  428 A Y  H >< S+     0   0  133     -4,-1.1     3,-0.8    -3,-0.4    -2,-0.2   0.884 120.5  50.7 -80.0 -42.5  -10.8   71.2   24.2
  247  429 A D  H >X S+     0   0    0     -4,-3.1     4,-2.2     1,-0.2     3,-1.9   0.754  90.4  74.8 -72.7 -28.3   -7.7   71.9   22.0
  248  430 A K  T 3< S+     0   0   71     -4,-1.7    -1,-0.2     1,-0.3    -2,-0.1   0.773 106.1  36.3 -61.9 -25.7   -8.4   69.5   19.1
  249  431 A D  T <4 S+     0   0  119     -3,-0.8    -1,-0.3    -4,-0.3    -2,-0.2   0.215 118.0  52.2-109.7  13.1  -11.1   71.8   17.7
  250  432 A E  T <4 S+     0   0   62     -3,-1.9    -2,-0.2    -4,-0.0    -3,-0.1   0.638  81.8 101.3-116.5 -29.2   -9.3   75.0   18.6
  251  433 A V     <  +     0   0   11     -4,-2.2  -177,-0.2     1,-0.1  -178,-0.1  -0.295  34.7 173.5 -65.4 140.5   -5.9   74.5   17.1
  252  434 A D  S    S+     0   0   52   -179,-1.7     2,-0.3     1,-0.3  -178,-0.2   0.286  71.6  32.1-124.9   2.7   -5.0   76.2   13.8
  253  435 A L  E     -b   74   0A   0   -180,-0.7  -178,-2.8    24,-0.2     2,-0.5  -0.889  61.2-161.6-161.1 130.4   -1.3   75.3   13.7
  254  436 A L  E     -bd  75 279A   0     24,-2.4    26,-2.9    -2,-0.3     2,-0.4  -0.963   7.4-174.5-116.0 125.4    0.7   72.3   15.0
  255  437 A I  E     -bd  76 280A   4   -180,-2.6  -178,-3.3    -2,-0.5     2,-0.5  -0.967   6.9-162.4-114.5 133.2    4.5   72.5   15.5
  256  438 A V  E     -bd  77 281A   0     24,-2.5    26,-3.4    -2,-0.4     2,-0.5  -0.973  13.4-175.3-113.8 122.4    6.5   69.4   16.4
  257  439 A I  E     -bd  78 282A   0   -180,-2.6  -178,-1.5    -2,-0.5  -175,-0.3  -0.972  57.1 -15.7-125.0 125.9    9.9   70.1   17.8
  258  440 A G  S    S+     0   0    6     24,-2.2  -177,-2.6    -2,-0.5  -176,-0.5   0.848  95.2 118.9  59.9  44.4   12.7   67.7   18.8
  259  441 A S        -     0   0    8     23,-0.2    -1,-0.2  -180,-0.2    26,-0.1  -0.997  55.2-155.2-142.2 147.7   10.7   64.5   19.0
  260  442 A S        -     0   0   30     -2,-0.3    -1,-0.1    23,-0.0    -2,-0.0   0.470  37.4-139.6 -92.5  -4.7   10.8   61.1   17.3
  261  443 A L        +     0   0    3      1,-0.1    -2,-0.0     2,-0.0     3,-0.0   0.887  58.7 133.2  41.5  56.2    7.1   60.6   18.1
  262  444 A K        +     0   0   88      1,-0.1    91,-2.7     2,-0.0     2,-0.5   0.422  48.5  82.1-106.4  -3.0    7.5   56.9   19.0
  263  445 A V  E  > S-L  352   0E  16     89,-0.2     4,-2.0    87,-0.0     3,-0.2  -0.915  77.6-113.5-112.4 119.4    5.5   57.1   22.2
  264  446 A R  E  4 S+L  351   0E  81     87,-2.8    87,-1.9    -2,-0.5    -2,-0.0  -0.569  84.6  21.8 -89.3 157.6    1.7   56.9   22.3
  265  447 A P  T >4 S+     0   0    8      0, 0.0     3,-1.2     0, 0.0    -1,-0.3  -0.986 124.8  52.5 -85.3   2.5   -0.8   58.5   22.9
  266  448 A V  G >4 S+     0   0    0      1,-0.3     3,-1.8    -3,-0.2    -2,-0.2   0.890 104.1  59.5 -63.6 -37.5    1.3   61.7   22.5
  267  449 A A  G 3< S+     0   0   10     -4,-2.0    -1,-0.3     1,-0.3     4,-0.2   0.634  96.7  63.4 -65.2 -13.8    2.4   60.5   19.1
  268  450 A L  G X> S+     0   0   40     -3,-1.2     3,-0.9     1,-0.2     4,-0.9   0.528  75.3  91.8 -88.3  -7.8   -1.3   60.3   18.0
  269  451 A I  H X> S+     0   0    2     -3,-1.8     3,-0.8     1,-0.3     4,-0.8   0.887  83.1  52.6 -58.4 -42.0   -1.8   64.1   18.4
  270  452 A P  H 34 S+     0   0    4      0, 0.0    -1,-0.3     0, 0.0     3,-0.1   0.799 114.2  45.3 -63.5 -21.8   -0.9   64.8   14.8
  271  453 A S  H <4 S+     0   0   46     -3,-0.9    -2,-0.2    -4,-0.2    -3,-0.1   0.563 106.8  61.0 -91.2 -10.9   -3.5   62.2   13.8
  272  454 A S  H << S+     0   0   47     -4,-0.9    -1,-0.2    -3,-0.8    -3,-0.1   0.565  90.8  74.9 -97.5 -12.1   -6.1   63.5   16.3
  273  455 A I  S  < S-     0   0    4     -4,-0.8   -24,-0.1     1,-0.1   -25,-0.1  -0.654  98.1 -70.4-104.0 157.9   -6.6   67.1   14.9
  274  456 A P    >   -     0   0   34      0, 0.0     3,-1.1     0, 0.0    -1,-0.1  -0.110  42.1-126.7 -46.5 139.1   -8.5   68.3   11.8
  275  457 A H  T 3  S+     0   0   78      1,-0.3  -220,-0.1    -4,-0.1  -222,-0.1   0.742 104.8  58.8 -65.7 -26.1   -6.7   67.4    8.5
  276  458 A E  T 3  S+     0   0  124      2,-0.1    -1,-0.3  -224,-0.1     3,-0.1   0.700  78.0 107.4 -79.7 -18.8   -6.7   70.9    7.2
  277  459 A V  S <  S-     0   0    7     -3,-1.1   -24,-0.2     1,-0.1  -222,-0.1  -0.446  79.2-115.2 -63.1 123.2   -4.7   72.3   10.2
  278  460 A P        -     0   0   11      0, 0.0   -24,-2.4     0, 0.0     2,-0.5  -0.308  28.5-155.6 -63.6 141.3   -1.1   73.0    9.0
  279  461 A Q  E     -d  254   0A   3    -26,-0.2    14,-2.2    12,-0.1    15,-1.4  -0.975   8.2-170.3-127.1 122.1    1.7   70.9   10.5
  280  462 A I  E     -de 255 294A   3    -26,-2.9   -24,-2.5    -2,-0.5     2,-0.5  -0.902   8.7-152.6-110.2 136.0    5.3   71.9   10.8
  281  463 A L  E     -de 256 295A   0     13,-2.7    15,-3.0    -2,-0.4     2,-0.5  -0.933  12.0-179.3-108.8 126.7    8.2   69.7   11.8
  282  464 A I  E     +de 257 296A   3    -26,-3.4   -24,-2.2    -2,-0.5     2,-0.3  -0.941  37.0 123.6-120.5 105.2   11.3   71.1   13.4
  283  465 A N  E     - e   0 297A  11     13,-1.9    15,-1.0    -2,-0.5    16,-0.1  -0.996  69.6-117.5-165.7 150.1   13.6   68.1   14.0
  284  466 A R  S    S+     0   0   82     -2,-0.3    57,-1.9    13,-0.3    15,-0.1   0.742 103.4  33.9 -67.2 -24.0   17.1   66.6   13.5
  285  467 A E  S    S-     0   0   23     55,-0.2   -26,-0.1   -26,-0.1    57,-0.1  -0.953  87.1-111.2-132.4 150.6   15.5   63.7   11.6
  286  468 A P        -     0   0   57      0, 0.0    -2,-0.0     0, 0.0     9,-0.0  -0.380  20.0-140.7 -75.3 161.5   12.5   63.3    9.3
  287  469 A L    >   +     0   0   10      3,-0.1     3,-2.3     1,-0.1     5,-0.2  -0.690  19.5 179.2-126.6  79.7    9.5   61.3   10.4
  288  470 A P  T 3  S+     0   0  122      0, 0.0    -1,-0.1     0, 0.0     0, 0.0   0.598  75.1  71.7 -58.1 -15.5    8.2   59.3    7.4
  289  471 A H  T 3  S+     0   0  108      2,-0.0     2,-0.3     0, 0.0    -2,-0.0   0.503 101.4  52.5 -81.7  -0.8    5.4   57.7    9.5
  290  472 A L  S <  S-     0   0   27     -3,-2.3     2,-0.7     2,-0.0    -3,-0.1  -0.907  80.7-126.6-130.3 161.5    3.7   61.1    9.5
  291  473 A H        -     0   0   79     -2,-0.3  -236,-0.2  -239,-0.1     2,-0.2  -0.675  32.3-180.0-110.3  77.8    2.6   63.7    6.8
  292  474 A F        -     0   0    6     -2,-0.7   -12,-0.2    -5,-0.2     3,-0.1  -0.477  24.3-146.5 -76.8 148.3    4.1   67.1    7.7
  293  475 A D  S    S+     0   0    0    -14,-2.2     2,-0.4     1,-0.3   -13,-0.2   0.928  87.3  24.5 -78.7 -50.1    3.5   70.1    5.5
  294  476 A V  E    S-e  280   0A   0    -15,-1.4   -13,-2.7     2,-0.0     2,-0.6  -0.977  71.0-159.3-119.5 130.7    6.8   71.8    6.0
  295  477 A E  E     -ef 281 334A  28     38,-2.9    40,-2.9    -2,-0.4     2,-0.7  -0.908   9.5-179.4-114.1 106.8    9.9   69.9    7.1
  296  478 A L  E     -ef 282 335A   0    -15,-3.0   -13,-1.9    -2,-0.6     2,-0.5  -0.908  15.7-168.4-104.5 108.9   12.7   72.0    8.8
  297  479 A L  E     +ef 283 336A   4     38,-3.0    40,-4.4    -2,-0.7    43,-0.3  -0.871  37.6  55.9-115.5 123.8   15.5   69.6    9.6
  298  480 A G  S    S-     0   0    0    -15,-1.0     2,-0.3    -2,-0.5    41,-0.3  -0.960  96.7 -16.7 156.0-169.0   18.5   70.3   11.8
  299  481 A D     >  -     0   0   36     39,-2.6     4,-1.8    -2,-0.3     3,-0.2  -0.534  59.6-137.5 -63.3 127.4   19.3   71.5   15.3
  300  482 A C  H  > S+     0   0   13     -2,-0.3     4,-2.6     1,-0.2     5,-0.2   0.782 100.2  58.9 -62.5 -26.8   16.0   73.0   16.5
  301  483 A D  H  > S+     0   0   38      2,-0.2     4,-2.8     1,-0.2    -1,-0.2   0.947 107.2  43.5 -66.1 -48.8   17.9   75.9   18.1
  302  484 A V  H  > S+     0   0   37     -3,-0.2     4,-1.7     2,-0.2    -2,-0.2   0.830 117.1  48.1 -69.7 -29.2   19.5   77.1   14.8
  303  485 A I  H  X S+     0   0    0     -4,-1.8     4,-2.8     2,-0.2    -2,-0.2   0.959 113.4  45.3 -72.3 -52.0   16.2   76.7   13.0
  304  486 A I  H  X S+     0   0    1     -4,-2.6     4,-3.2     1,-0.2     5,-0.2   0.894 110.6  55.9 -56.0 -42.8   14.2   78.5   15.6
  305  487 A N  H  X S+     0   0   26     -4,-2.8     4,-2.1    -5,-0.2    -1,-0.2   0.930 109.5  46.2 -52.6 -48.0   17.0   81.2   15.6
  306  488 A E  H  X S+     0   0    5     -4,-1.7     4,-1.8     2,-0.2    -2,-0.2   0.929 112.7  49.6 -61.3 -47.5   16.4   81.5   11.8
  307  489 A L  H  X S+     0   0    4     -4,-2.8     4,-1.4     1,-0.2    -2,-0.2   0.918 110.0  51.3 -58.5 -45.4   12.6   81.7   12.3
  308  490 A C  H  X S+     0   0    0     -4,-3.2     4,-1.5     1,-0.2     8,-0.2   0.892 107.0  52.0 -60.9 -43.7   12.9   84.3   15.0
  309  491 A H  H  < S+     0   0   71     -4,-2.1    -1,-0.2     1,-0.2    -2,-0.2   0.881 110.1  50.0 -62.5 -36.4   15.1   86.6   12.9
  310  492 A R  H  < S+     0   0   80     -4,-1.8    -1,-0.2     1,-0.2    -2,-0.2   0.790 109.0  53.3 -69.5 -27.9   12.6   86.4   10.1
  311  493 A L  H  < S-     0   0   29     -4,-1.4    -1,-0.2    -3,-0.2    -2,-0.2   0.756  89.4-172.8 -80.2 -25.6    9.8   87.3   12.5
  312  494 A G    >X  +     0   0   23     -4,-1.5     3,-1.2     1,-0.2     4,-0.9  -0.137  44.6  67.9  63.3-162.7   11.5   90.4   13.9
  313  495 A G  H 3> S-     0   0   60      1,-0.3     4,-0.6     2,-0.2     3,-0.2  -0.221 119.8 -11.2  56.7-135.0   10.0   92.3   16.8
  314  496 A E  H 34 S+     0   0   91      1,-0.2     4,-0.4     2,-0.2     3,-0.4   0.787 135.0  60.8 -67.7 -28.9   10.2   90.6   20.2
  315  497 A Y  H X> S+     0   0   27     -3,-1.2     3,-1.2     1,-0.2     4,-0.9   0.894 101.0  52.0 -68.2 -38.4   11.2   87.3   18.5
  316  498 A A  H 3< S+     0   0   27     -4,-0.9    -1,-0.2     1,-0.3    -2,-0.2   0.693  98.5  66.7 -72.3 -18.2   14.4   88.7   17.0
  317  499 A K  T 3< S+     0   0  148     -4,-0.6    -1,-0.3    -3,-0.4    -2,-0.2   0.681  99.3  54.3 -74.6 -17.2   15.4   90.0   20.5
  318  500 A L  T <4 S+     0   0   57     -3,-1.2    -2,-0.2    -4,-0.4    -1,-0.2   0.939  90.1  83.8 -78.3 -52.3   15.7   86.4   21.6
  319  501 A C  S  < S-     0   0    7     -4,-0.9   -17,-0.0   -14,-0.1   -14,-0.0   0.162  97.0 -86.9 -64.3 173.9   18.1   84.8   19.1
  320  502 A C              0   0  123      1,-0.0    -1,-0.1     0, 0.0    -4,-0.0   0.663 360.0 360.0 -58.4 -22.9   21.9   84.9   19.1
  321  503 A N              0   0  137     -5,-0.1   -16,-0.0   -16,-0.1    -1,-0.0   0.449 360.0 360.0-119.8 360.0   22.1   88.2   17.2
  322        !              0   0    0      0, 0.0     0, 0.0     0, 0.0     0, 0.0   0.000 360.0 360.0 360.0 360.0    0.0    0.0    0.0
  323  638 A G              0   0   98      0, 0.0   -14,-0.0     0, 0.0     2,-0.0   0.000 360.0 360.0 360.0 162.7   21.7   87.3    7.2
  324  639 A G        -     0   0   65      1,-0.0     2,-0.4   -15,-0.0   -18,-0.0  -0.033 360.0-102.5 -91.1-165.6   20.2   83.9    6.7
  325  640 A S        -     0   0   33    -22,-0.0    -1,-0.0    -2,-0.0   -22,-0.0  -0.968  35.6-100.9-126.7 141.1   21.3   80.3    7.6
  326  641 A Q        +     0   0  185     -2,-0.4    12,-0.5    11,-0.0     2,-0.3  -0.275  51.9 155.5 -59.2 136.2   22.8   77.6    5.4
  327  642 A Y        -     0   0   87     10,-0.2     2,-0.6     2,-0.0    10,-0.2  -0.978  41.9-129.4-157.2 152.0   20.4   74.9    4.3
  328  643 A L  E     -G  336   0A 107      8,-1.7     8,-2.7    -2,-0.3     2,-0.6  -0.935  29.7-148.1 -99.6 121.8   19.9   72.4    1.5
  329  644 A F  E     -G  335   0A  79     -2,-0.6     6,-0.2     6,-0.2    -2,-0.0  -0.810  12.0-169.4 -97.3 122.4   16.4   72.7    0.1
  330  645 A L  E  >  -G  334   0A  69      4,-3.6     4,-2.2    -2,-0.6     3,-0.5  -0.918  42.2 -86.0-111.4 104.8   14.8   69.5   -1.2
  331  646 A P  T  4 S+     0   0   98      0, 0.0  -271,-0.0     0, 0.0     2,-0.0  -0.174  96.7  12.1 -58.6 146.2   11.6   70.4   -3.1
  332  647 A P  T  4 S-     0   0   73      0, 0.0  -273,-0.0     0, 0.0    -3,-0.0  -0.968 133.4 -17.5 -90.5 -17.0    8.9   70.9   -2.4
  333  648 A N  T  4 S+     0   0    9     -3,-0.5   -38,-2.9  -273,-0.1     2,-0.5   0.262  92.4 103.8-138.4  11.1    9.0   71.2    1.4
  334  649 A R  E  <  -fG 295 330A  82     -4,-2.2    -4,-3.6   -40,-0.2     2,-0.4  -0.890  38.1-174.3-114.4 128.4   12.2   69.8    3.0
  335  650 A Y  E     -fG 296 329A   5    -40,-2.9   -38,-3.0    -2,-0.5     2,-0.7  -0.966  12.1-153.8-120.8 132.1   15.1   71.9    4.4
  336  651 A I  E     +fG 297 328A  54     -8,-2.7    -8,-1.7    -2,-0.4   -38,-0.2  -0.851  22.8 176.9-109.1 100.5   18.3   70.4    5.7
  337  652 A F    >   -     0   0    8    -40,-4.4     3,-1.6    -2,-0.7   -10,-0.2  -0.259  43.5 -61.0 -90.5 178.8   20.0   72.8    8.2
  338  653 A H  T 3  S+     0   0  143    -12,-0.5   -39,-2.6     1,-0.2    -1,-0.2  -0.363 121.4  25.5 -58.0 135.4   23.1   72.4   10.3
  339  654 A G  T 3  S+     0   0   22      1,-0.3    -1,-0.2   -41,-0.3   -41,-0.2   0.252  80.1 144.5  95.9 -12.5   23.0   69.5   12.7
  340  655 A A    <   +     0   0   32     -3,-1.6    -1,-0.3   -43,-0.3     2,-0.3  -0.382  22.3 153.1 -59.0 132.2   20.5   67.4   10.8
  341  656 A E        -     0   0   63    -57,-1.9     2,-0.6    -3,-0.1   -43,-0.1  -0.955  42.7-150.5-163.4 144.7   21.3   63.7   11.1
  342  657 A V        -     0   0  105     -2,-0.3     2,-0.3   -57,-0.1   -57,-0.1  -0.957  33.9-146.0-115.5 108.4   19.8   60.2   11.0
  343  658 A Y        +     0   0   58     -2,-0.6     2,-0.3  -251,-0.1    -2,-0.0  -0.589  35.2 131.2 -88.2 132.8   21.9   58.1   13.3
  344  659 A S              0   0   96     -2,-0.3    -2,-0.0     1,-0.0  -250,-0.0  -0.970 360.0 360.0-163.2 167.0   22.7   54.4   12.8
  345  660 A D              0   0  184     -2,-0.3    -1,-0.0     0, 0.0    -2,-0.0   0.180 360.0 360.0-160.4 360.0   25.5   51.9   12.7
  346        !*             0   0    0      0, 0.0     0, 0.0     0, 0.0     0, 0.0   0.000 360.0 360.0 360.0 360.0    0.0    0.0    0.0
  347    1 B R              0   0  180      1,-0.1     2,-1.4     0, 0.0     0, 0.0   0.000 360.0 360.0 360.0 154.2   -7.7   53.4   27.0
  348    2 B H        +     0   0   97   -112,-0.0  -112,-0.6   -83,-0.0     2,-0.2  -0.672 360.0 175.0 -86.3  87.6   -4.7   55.4   25.8
  349    3 B K  B     -K  235   0D  89     -2,-1.4     2,-0.5  -114,-0.1  -114,-0.2  -0.636  46.9 -84.0 -93.3 153.6   -1.9   54.2   28.1
  350    4 B X        +     0   0   17   -116,-2.3  -117,-2.1  -119,-0.3     2,-0.4  -0.411  65.9 169.7 -59.7 107.6    1.7   55.3   27.8
  351    5 B L  E     -L  264   0E  94    -87,-1.9   -87,-2.8    -2,-0.5     2,-0.7  -0.975  39.4-129.2-132.5 136.8    3.0   52.8   25.1
  352    6 B X  E      L  263   0E  66     -2,-0.4   -89,-0.2   -89,-0.2   -90,-0.0  -0.743 360.0 360.0 -80.7 115.6    6.1   52.4   23.0
  353    7 B F              0   0  155    -91,-2.7    -2,-0.0    -2,-0.7    -1,-0.0  -0.886 360.0 360.0-108.4 360.0    5.0   52.0   19.4
